4016
2619
3454
4015
2943
1893
3330
4333
4915
4458
1860
3661
1894
3531
3398
3408
2575
2893
3403
1940
2732
3293
1722
4576
3163
1554
3692
3451
3501
1862
4254
3612
4172
4415
1469
4919
3820
4774
3853
4843
1563
3329
3453
3292
4903
3771
2652
1889
3772
3327
3261
3614
1481
3053
4334
3402
2973
3407
3693
2175
3534
4014
2572
3235
3132
4988
3023
3611
4991
3455
4768
2019
1723
2432
2281
3934
4838
2199
2347
2282
3144
2040
4179
2899
3782
4615
3142
3783
2365
3940
4688
3465
4826
3554
3968
2355
4607
4835
4291
1864
4844
2349
3861
4210
4582
2117
4765
3374
2027
3780
4740
2379
2341
4286
3381
1881
1799
1961
3481
2990
2742
1947
2427
4750
4775
4834
4673
3318
3694
2819
3300
4280
4296
3313
4506
2660
1625
3305
2179
3061
2504
3375
2039
5081
2126
4093
4285
3790
4370
4583
1804
4530
4504
2360
2751
2344
2573
2909
4297
2663
3379
3219
4609
3074
3648
3615
1797
3243
3701
4178
1861
3319
4209
2203
4660
4662
4203
1945
2257
3631
1946
2177
3165
2032
2105
2190
4018
2515
3153
4419
4746
1713
3221
2830
3854
2195
2100
2661
1634
2913
